P2
30 30
30
18 18 18 19 19 19 19 20 20 20 21 21 22 22 23 23 24 24 25 0 0 0 0 0 0 0 0 0 0 0 
18 19 19 19 19 20 20 20 21 21 21 22 22 23 23 24 25 25 26 0 0 0 0 0 0 0 0 0 0 0 
19 19 19 19 20 20 20 21 21 22 22 22 23 23 24 25 25 26 27 28 0 0 0 0 0 0 0 0 0 0 
19 19 19 20 20 20 21 21 22 22 22 23 24 24 25 25 26 27 28 29 0 0 0 0 0 0 0 0 0 0 
19 19 20 20 20 21 21 22 22 22 23 24 24 25 25 26 27 28 29 0 0 0 0 0 0 0 0 0 0 0 
19 20 20 20 21 21 21 22 22 23 23 24 25 25 26 27 28 28 29 0 0 0 0 0 0 0 0 0 0 0 
20 20 20 21 21 21 22 22 23 23 24 24 25 26 27 27 28 29 0 0 0 0 0 0 0 0 0 0 0 0 
20 20 20 21 21 22 22 23 23 24 24 25 26 26 27 28 29 0 0 0 0 0 0 0 0 0 0 0 0 0 
20 20 21 21 21 22 22 23 23 24 25 25 26 27 28 28 29 0 0 0 0 0 0 0 0 0 0 0 0 0 
20 20 21 21 22 22 23 23 24 24 25 26 26 27 28 29 0 0 0 0 0 0 0 0 0 0 0 0 0 0 
20 21 21 21 22 22 23 23 24 25 25 26 27 27 28 29 0 0 0 0 0 0 0 0 0 0 0 0 0 0 
20 21 21 22 22 22 23 23 24 25 25 26 27 28 29 29 0 0 0 0 0 0 0 0 0 0 0 0 0 0 
20 21 21 22 22 23 23 24 24 25 26 26 27 28 29 0 0 0 0 0 0 0 0 0 0 0 0 0 0 0 
20 21 21 22 22 23 23 24 24 25 26 26 27 28 29 0 0 0 0 0 0 0 0 0 0 0 0 0 0 0 
21 21 21 22 22 23 23 24 24 25 26 26 27 28 29 0 0 0 0 0 0 0 0 0 0 0 0 0 0 0 
21 21 21 22 22 23 23 24 24 25 26 26 27 28 29 0 0 0 0 0 0 0 0 0 0 0 0 0 0 0 
21 21 21 22 22 23 23 24 24 25 26 26 27 28 29 0 0 0 0 0 0 0 0 0 0 0 0 0 0 0 
20 21 21 22 22 23 23 24 24 25 26 26 27 28 29 0 0 0 0 0 0 0 0 0 0 0 0 0 0 0 
20 21 21 22 22 23 23 24 24 25 26 26 27 28 29 0 0 0 0 0 0 0 0 0 0 0 0 0 0 0 
20 21 21 22 22 22 23 23 24 25 25 26 27 28 29 29 0 0 0 0 0 0 0 0 0 0 0 0 0 0 
20 21 21 21 22 22 23 23 24 25 25 26 27 27 28 29 0 0 0 0 0 0 0 0 0 0 0 0 0 0 
20 20 21 21 22 22 23 23 24 24 25 26 26 27 28 29 0 0 0 0 0 0 0 0 0 0 0 0 0 0 
20 20 21 21 21 22 22 23 23 24 25 25 26 27 28 28 29 0 0 0 0 0 0 0 0 0 0 0 0 0 
20 20 20 21 21 22 22 23 23 24 24 25 26 26 27 28 29 0 0 0 0 0 0 0 0 0 0 0 0 0 
20 20 20 21 21 21 22 22 23 23 24 24 25 26 27 27 28 29 0 0 0 0 0 0 0 0 0 0 0 0 
19 20 20 20 21 21 21 22 22 23 23 24 25 25 26 27 28 28 29 0 0 0 0 0 0 0 0 0 0 0 
19 19 20 20 20 21 21 22 22 22 23 24 24 25 25 26 27 28 29 0 0 0 0 0 0 0 0 0 0 0 
19 19 19 20 20 20 21 21 22 22 22 23 24 24 25 25 26 27 28 29 0 0 0 0 0 0 0 0 0 0 
19 19 19 19 20 20 20 21 21 22 22 22 23 23 24 25 25 26 27 0 0 0 0 0 0 0 0 0 0 0 
18 19 19 19 19 20 20 20 21 21 21 22 22 23 23 24 25 25 0 0 0 0 0 0 0 0 0 0 0 0 
